grasp_position:
  position: 
    x: 1.70246750944
    y: 11.2378988671
    z: 0.0
  orientation: 
    x: 0.0
    y: 0.0
    z: 0.70445502908
    w: 0.709748625926


release_position:
  position: 
    x: -2.4437
    y: -2.5495
    z: 0.0
  orientation: 
    x: 0.0
    y: 0.0
    z: -0.709886099642
    w: 0.704316495288
