grasp_position:
  position: 
    x: 1.70246750944
    y: 11.2478988671
    z: 0.0
  orientation: 
    x: 0.0
    y: 0.0
    z: 0.70445502908
    w: 0.709748625926


release_position:
  position: 
    x: -2.1248
    y: -2.6404
    z: 0.0
  orientation: 
    x: 0.0
    y: 0.0
    z: -0.703420461414
    w: 0.710773982687
